static_conv:[0.00133628 0.00130193 0.0012177  0.00116706 0.00114184 0.00112992
 0.00112566 0.0011208  0.00111899 0.00112116]
down1:[0.01090678 0.01252131 0.01276173 0.01274318 0.01269111 0.01264899
 0.01264567 0.01263313 0.01262496 0.01264155]
down2:[0.00868459 0.0117872  0.01281658 0.01322634 0.01339519 0.01343088
 0.01346911 0.01347747 0.01347958 0.01348749]
down3:[0.00874631 0.01535305 0.01726744 0.01783616 0.01808937 0.0181132
 0.01816257 0.01814442 0.01816037 0.01816131]
residualBlock:[0.01429193 0.0330011  0.04721649 0.04230677 0.04612269 0.05077534
 0.04298535 0.04479311 0.04899849 0.04332945]
up1:[0.01585324 0.05351447 0.07872057 0.07398142 0.07210434 0.08273701
 0.07335352 0.07499188 0.08173084 0.0723469 ]
up2:[0.01280708 0.06150155 0.12069218 0.10779252 0.10130871 0.14608663
 0.10437163 0.10476139 0.12920564 0.10317462]
up3:[0.00022534 0.00082021 0.00109942 0.00128036 0.00140684 0.00170771
 0.00152354 0.00143492 0.0016307  0.00152119]
mid_residualBlock:[0.01626024 0.03206993 0.03965637 0.0382793  0.03888023 0.04124059
 0.03897937 0.03897982 0.04105242 0.03901676]
total static_conv:0.011781337211362333
total down1:0.12481840847777037
total down2:0.12725441917555083
total down3:0,16803420260226365
total residualBlock:0,4138207148039129
total up1:0,6793341928809266
total up2:0,9917019607927982
total up3:0,012650227142835339
total mid_residualBlock:0,36441503563275535
val_running_mpjpe_avg10:21.377550579439852
val_running_mpjpe:15.48913345782608
val_mpjpe_list:[45.61022856 28.31567673 21.26944424 18.43567105 17.21961705 18.40257592
 16.54691483 16.08282803 16.40341593 15.48913346]
