static_conv:[0.0013444  0.00130931 0.00122452 0.00117344 0.001148   0.0011361
 0.00113175 0.00112685 0.00112499 0.00112411 0.00112429 0.00112439
 0.00112457 0.00112487 0.00112471 0.00112519 0.00112566 0.00112488
 0.00112486 0.00112493 0.00112577 0.00112603 0.00112635 0.00112679
 0.00112659 0.00112701 0.00112747 0.00112669 0.00112683 0.00112984]
down1:[0.01096643 0.01258509 0.01282639 0.01280672 0.01275398 0.01271242
 0.01270886 0.01269563 0.01268761 0.01268478 0.01268653 0.01269155
 0.01269513 0.01270176 0.01270222 0.01270584 0.01271174 0.01271034
 0.01270786 0.01270587 0.01270919 0.01271332 0.01271757 0.01272483
 0.01272456 0.01272754 0.01273307 0.01273211 0.01273012 0.01274737]
down2:[0.00872276 0.01183317 0.01286577 0.01327619 0.01344436 0.01348068
 0.01351931 0.01352677 0.01352994 0.01351848 0.01351568 0.01351865
 0.01351846 0.01352714 0.01352953 0.01353265 0.01353973 0.01354622
 0.0135459  0.01353741 0.01353822 0.01353958 0.01354167 0.01355162
 0.01355456 0.01355663 0.01356271 0.0135702  0.01357018 0.01358084]
down3:[0.00877977 0.01540183 0.01731906 0.01788778 0.01813958 0.01816232
 0.01821265 0.01819429 0.01821204 0.0181818  0.01817081 0.0181704
 0.01817098 0.01818388 0.01819458 0.01820128 0.01820863 0.01821849
 0.01821944 0.01820711 0.01820209 0.01819769 0.01820289 0.01821619
 0.01823019 0.01823439 0.01824089 0.018249   0.01825065 0.01826844]
residualBlock:[0.01432888 0.03307019 0.04728885 0.04239285 0.0461941  0.05083895
 0.04305881 0.04486758 0.04907243 0.04332319 0.04562594 0.04968943
 0.04366617 0.04417929 0.04838677 0.04396177 0.04634251 0.04929658
 0.04420777 0.0446931  0.04808051 0.04448171 0.04568164 0.0485532
 0.04463679 0.04548134 0.04803113 0.04487724 0.04582013 0.04826689]
up1:[0.01589396 0.05360938 0.07881964 0.07409875 0.0722216  0.08282702
 0.07346424 0.07509964 0.081826   0.07236772 0.07484989 0.08096447
 0.07255433 0.07505377 0.08104828 0.0732424  0.07574634 0.07967858
 0.07394743 0.07478733 0.08000268 0.07391234 0.07465132 0.07936438
 0.07429491 0.07528398 0.07905745 0.07437057 0.0753364  0.0788683 ]
up2:[0.01284778 0.06165254 0.12080168 0.10795401 0.10148554 0.14610792
 0.10454319 0.10492623 0.12930154 0.1032694  0.10648583 0.13564063
 0.10416484 0.10432721 0.12839454 0.10388047 0.10757458 0.12888172
 0.10637737 0.10566496 0.12568907 0.1063107  0.10700137 0.12571045
 0.10676671 0.10751922 0.12277423 0.10652728 0.10856034 0.12353225]
up3:[0.00022653 0.00082238 0.00110105 0.00128114 0.00140721 0.00170958
 0.00152321 0.00143686 0.0016316  0.00152038 0.00147702 0.0017169
 0.00155382 0.00152761 0.00172048 0.00158775 0.00150618 0.0017147
 0.00155551 0.00154968 0.00170743 0.00158945 0.00156193 0.00173484
 0.00159403 0.00155708 0.00169898 0.00159474 0.00157525 0.00171098]
mid_residualBlock:[0.0163146  0.03215514 0.0397459  0.03837367 0.03897011 0.04132529
 0.03906699 0.03906936 0.04114314 0.03904242 0.03902254 0.04085642
 0.03905796 0.03910863 0.04077863 0.03919849 0.03923866 0.04072031
 0.03929361 0.03928807 0.0405735  0.03928265 0.03930426 0.04050125
 0.03939972 0.03943051 0.0404928  0.03948769 0.03949777 0.04047736]
total static_conv:0.03436119860868075
total down1:0.37970641124309973
total down2:0.3985949922121399
total down3:0.532729137236688
total residualBlock:1.3383957550169159
total up1:2.207243111309298
total up2:3.26467360903503
total up3:0.04489431015317788
total mid_residualBlock:1.160217457668037
val_running_mpjpe_avg10:17.356963641625857
val_running_mpjpe:15.504478304331338
val_mpjpe_list:[45.50635974 28.25301663 21.23633283 18.38814554 17.18332963 18.33073455
 16.42181993 15.98877266 16.30281931 15.41187441 15.11560313 16.42580444
 15.38094534 15.11949638 15.92117456 15.23265837 15.2749818  15.97021966
 15.23817246 14.92265388 15.70246194 15.21172156 15.05752631 15.89991603
 15.17506173 15.04150676 15.59530724 15.05263055 14.84338357 15.5044783 ]
