static_conv_snn:[0.01697797 0.0049681  0.00242847 0.00180553 0.00164408 0.00160188
 0.00159457 0.00159698 0.0016011  0.00160884]
down1_snn:[0.03136884 0.01597266 0.00982119 0.00783225 0.00742018 0.0073461
 0.00741207 0.00755295 0.00769585 0.00785582]
down2_snn:[0.03129972 0.01658918 0.01201242 0.00880059 0.01276237 0.00857094
 0.01205071 0.00773671 0.00794962 0.01255582]
down3_snn:[0.04453893 0.03001951 0.02679028 0.02198761 0.06027271 0.01873426
 0.03191901 0.01147161 0.01182083 0.06074744]
residualBlock_snn:[0.05701537 0.04550186 0.04817278 0.04765743 0.10926842 0.04695038
 0.03920254 0.0304097  0.03928571 0.10737735]
up1_snn:[0.03347949 0.03041048 0.03104168 0.02875918 0.05312339 0.03377761
 0.02333303 0.02462847 0.03028866 0.04482127]
up2_snn:[0.03136627 0.03515428 0.04449503 0.0445804  0.06702261 0.07070775
 0.04433434 0.04222878 0.04847158 0.05911412]
up3_snn:[0.06718758 0.01543383 0.02601317 0.02591399 0.02522358 0.02510251
 0.02516917 0.02528463 0.02969186 0.03625274]
mid_residualBlock:[0.05184913 0.0240976  0.02115804 0.02349134 0.06470605 0.02744579
 0.02790354 0.01812146 0.02032543 0.06464874]
total static_conv_snn:0.03582751491032704
total down1_snn:0.11027790907374574
total down2_snn:0.13032808440735022
total down3_snn:0.3183021945232772
total residualBlock_snn:0.5708415407025783
total up1_snn:0.33366326542829733
total up2_snn:0.48747516665074037
total up3_snn:0.30127306581366936
total mid_residualBlock:0.34374711360148935
val_running_mpjpe_avg10:5.625246736870665
val_running_mpjpe:5.840690855919258
val_mpjpe_list:[5.39626457 5.49906172 5.565602   5.65616906 5.6795182  5.69223633
 5.65716693 5.62086986 5.64488783 5.84069086]
v_init_in:[ 1.14947863e-01 -2.12294619e+02  2.11771229e+02]
v_init_1:[  0.19589388 -79.92970896  62.94190861]
v_init_2:[  0.12070667 -38.62214855  40.18865312]
v_init_3:[  0.07575068 -33.02145804  33.14322935]
v_init_4:[-8.66508567e-03 -3.04187021e+01  3.12098674e+01]
v_init_5:[ 2.05960294e-02 -3.37049089e+01  3.45353820e+01]
v_init_6:[ 3.04183415e-02 -6.14176155e+01  5.62953866e+01]
v_init_7:[ 2.80126953e-02 -1.84997378e+02  1.53263870e+02]
v_init_8:[   0.86698058 -141.25785226   30.64566127]
