static_conv_snn:[0.01977353 0.00890324 0.03270212 0.03046993 0.03264064 0.0060643
 0.03297619 0.05945487 0.03149817 0.03271209]
down1_snn:[0.09163024 0.1062963  0.03025633 0.06701989 0.03128521 0.04335848
 0.14776599 0.06925526 0.01699416 0.01764354]
down2_snn:[0.09627625 0.0994201  0.03505753 0.05947537 0.03342938 0.07538435
 0.09165705 0.03539115 0.01121392 0.01592383]
down3_snn:[0.07659701 0.04569769 0.04039165 0.08436145 0.05799835 0.06405177
 0.06048191 0.04899182 0.02966839 0.04562265]
residualBlock_snn:[0.11863308 0.10604084 0.10406512 0.09530868 0.09242055 0.10835498
 0.10623131 0.10667174 0.06015766 0.05755702]
up1_snn:[0.10464024 0.08321661 0.07542724 0.07987203 0.07152684 0.08138775
 0.07908631 0.08253358 0.05134471 0.05223468]
up2_snn:[0.14249332 0.09013302 0.08002337 0.08971437 0.07373165 0.06282703
 0.10783959 0.08133681 0.06953463 0.07601902]
up3_snn:[0.03303572 0.01859738 0.07201324 0.12853026 0.17041617 0.17938599
 0.19363023 0.20383002 0.18296682 0.16379124]
mid_residualBlock:[0.09550967 0.044619   0.03917024 0.07797703 0.06164135 0.07614333
 0.12164008 0.1013728  0.04204945 0.05523212]
total static_conv_snn:0.28719506864934974
total down1_snn:0.6215054060850276
total down2_snn:0.55322891831799
total down3_snn:0.5538627007212678
total residualBlock_snn:0.9554409742469916
total up1_snn:0.7612699909544747
total up2_snn:0.8736528120380018
total up3_snn:1.346197068075444
total mid_residualBlock:0.7153550723835231
val_running_mpjpe_avg10:6.642424448906433
val_running_mpjpe:7.264250488534234
val_mpjpe_list:[6.81491914 6.56586276 6.30473211 6.36845792 6.41245106 6.39685706
 6.53499586 6.75310335 7.00861474 7.26425049]
v_init_in:[   0.23629202 -114.51085278  131.64200467]
v_init_1:[  0.20345306 -92.5962859   66.5978867 ]
v_init_2:[  0.10449565 -45.11810427  35.94865836]
v_init_3:[  0.05973938 -33.38241562  34.29589946]
v_init_4:[ -0.17030605 -36.39350839  40.26475799]
v_init_5:[ -0.14932126 -40.42265158  43.44892753]
v_init_6:[ 9.56716732e-02 -1.35855702e+02  6.57338066e+01]
v_init_7:[   0.59955035 -177.18359827  113.90728131]
v_init_8:[   0.46514939 -283.78728107  151.81976816]
