static_conv_snn:[0.0164647  0.00636142 0.00345496 0.00279853 0.00262905 0.00259012
 0.00258229 0.00257854 0.00257756 0.00257802 0.00257854 0.00257859
 0.00258028 0.00258138 0.00258057 0.00258107 0.00258259 0.00258061
 0.00258001 0.00258704]
down1_snn:[0.03180285 0.01740101 0.0130526  0.02138877 0.01245198 0.0229223
 0.01231316 0.01198546 0.02112559 0.01264611 0.01259553 0.02291407
 0.01264222 0.02171385 0.01282443 0.01262613 0.01235649 0.02274917
 0.02196452 0.01328857]
down2_snn:[0.02972688 0.01519423 0.0144357  0.03258471 0.01239779 0.04303369
 0.01224766 0.01234525 0.0246209  0.01182801 0.01376842 0.06140365
 0.01414485 0.02725302 0.01167514 0.01297168 0.01253489 0.06303882
 0.02877473 0.01416476]
down3_snn:[0.04139971 0.02454876 0.0267785  0.09032822 0.02582667 0.04855612
 0.01848525 0.01738696 0.04541468 0.0180222  0.02432292 0.06814348
 0.0166221  0.02708392 0.01385673 0.01958288 0.02113803 0.05394385
 0.02320566 0.01527106]
residualBlock_snn:[0.06180191 0.04722091 0.05711947 0.07265472 0.0353011  0.0439503
 0.03612651 0.03930011 0.06424755 0.03587323 0.04258074 0.06533494
 0.02968328 0.04929585 0.03164518 0.04502945 0.05254349 0.05825559
 0.03500105 0.02798715]
up1_snn:[0.04313387 0.03419958 0.03539172 0.04390379 0.02765499 0.03453154
 0.03866907 0.04458804 0.0466016  0.04629514 0.05418095 0.05609631
 0.03240854 0.04735989 0.03575533 0.05699258 0.0517441  0.05618854
 0.03878746 0.0362445 ]
up2_snn:[0.05816642 0.05206686 0.05761273 0.06220753 0.05401755 0.0714319
 0.05154402 0.05666001 0.05744404 0.05669505 0.06725536 0.07376649
 0.04502228 0.05746629 0.05259805 0.06856663 0.0647111  0.05591173
 0.04116526 0.04605796]
up3_snn:[0.00267274 0.00443271 0.01757866 0.03596066 0.03270406 0.0408928
 0.04015139 0.04085756 0.04886415 0.0348863  0.03532254 0.03574009
 0.02724959 0.0296599  0.03042967 0.03087426 0.03223634 0.03365967
 0.02995248 0.03317184]
mid_residualBlock:[0.05360581 0.01836336 0.02021027 0.09931094 0.02937129 0.04280171
 0.02903066 0.02908197 0.06464811 0.03299638 0.04028273 0.09013511
 0.0275706  0.04658329 0.02728858 0.04095076 0.04641361 0.08391802
 0.03758149 0.02681363]
total static_conv_snn:0.07042585691324747
total down1_snn:0.3427648148830127
total down2_snn:0.4681447928042408
total down3_snn:0.6399176807741479
total residualBlock_snn:0.9309525386043633
total up1_snn:0.8607275432671523
total up2_snn:1.150367268283206
total up3_snn:0.6172974492538398
total mid_residualBlock:0.886958313863291
val_running_mpjpe_avg10:8.520680765256333
val_running_mpjpe:21.132379760335095
val_mpjpe_list:[ 5.92293805  5.98933918  6.03294456  6.06419384  5.99115274  5.94266673
  5.90889403  5.87282587  5.91341457  5.95123205  6.07041791  6.50669225
  6.79369044  7.39404508  8.18329575  9.75065003 11.77648335 14.89539512
 18.320964   21.13237976]
v_init_in:[ 1.30243768e-01 -2.50883187e+02  2.73619682e+02]
v_init_1:[   0.49861826 -137.48614254  123.55650282]
v_init_2:[  0.34290127 -97.28420726  78.32179757]
v_init_3:[  0.18994823 -67.33995313  65.77059912]
v_init_4:[-5.48020372e-02 -6.47950804e+01  7.16800019e+01]
v_init_5:[ -0.10828748 -73.97825087  76.33102977]
v_init_6:[-3.24907186e-02 -1.94946417e+02  1.24731005e+02]
v_init_7:[ 1.29980698e-01 -4.41928831e+02  2.35503180e+02]
v_init_8:[ 1.25551212e-01 -4.12690839e+02  6.73788878e+01]
