static_conv_snn:[0.00157492 0.00161017 0.00153514 0.00145809 0.00140474 0.0013688
 0.00134907 0.00133108 0.00132095 0.0013175 ]
down1_snn:[0.01001417 0.01232564 0.01307654 0.01329121 0.01327518 0.01323856
 0.01318654 0.01311886 0.01306801 0.0130477 ]
down2_snn:[0.00665845 0.01038278 0.01172238 0.01254331 0.01300669 0.01333737
 0.01346697 0.01353571 0.01352346 0.01351371]
down3_snn:[0.00582766 0.01440486 0.01731312 0.02192324 0.02291474 0.02072704
 0.02108126 0.02394661 0.02388412 0.02383083]
residualBlock_snn:[0.00146663 0.02270461 0.03657909 0.04012335 0.04363033 0.04141293
 0.04397301 0.05361334 0.05716685 0.04782276]
up1_snn:[0.00028198 0.01585774 0.04212043 0.0433549  0.04456654 0.0458594
 0.05389423 0.05263154 0.05299075 0.05281775]
up2_snn:[0.00021318 0.02023509 0.04013416 0.05718505 0.06617445 0.06327437
 0.08810354 0.07482704 0.08319983 0.08327852]
up3_snn:[5.76775902e-05 9.54780253e-04 1.71046460e-03 2.41691470e-03
 5.02688326e-03 1.05080458e-02 9.31055804e-03 1.18057153e-02 1.55867778e-02 2.00632135e-02]
mid_residualBlock:[0.00261961 0.01972507 0.02846196 0.03785517 0.03903176 0.0361437
 0.03663517 0.04840265 0.04469427 0.04092366]
total static_conv_snn:0.01427044905990663
total down1_snn:0.12764239906978286
total down2_snn:0.12169083003411209
total down3_snn:0.1958534926075823
total residualBlock_snn:0.38849289631511313
total up1_snn:0.4043752482623678
total up2_snn:0.5766252515294241
total up3_snn:0.07744103088681369
total mid_residualBlock:0.3344930201296277
val_running_mpjpe_avg10:7.080469388253802
val_running_mpjpe:9.1145691776589
val_mpjpe_list:[5.84024628 5.98058399 6.09965859 6.2939205  6.55834856 6.97069533
 7.50676323 7.96861704 8.47129119 9.11456918]
