static_conv_snn:[0.01644721 0.00634686 0.00344461 0.00279061 0.00262195 0.00258333
 0.00257569 0.00257213 0.0025712  0.00257895]
down1_snn:[0.03180424 0.01738579 0.01302913 0.02135974 0.01242951 0.02289644
 0.01228927 0.01196031 0.02109617 0.01263518]
down2_snn:[0.02972138 0.01518592 0.01442539 0.0325685  0.01238455 0.04301211
 0.01223024 0.01232507 0.02459691 0.01182182]
down3_snn:[0.04138623 0.02453065 0.02676496 0.09028715 0.02581713 0.04853947
 0.01846963 0.01736484 0.04538908 0.01801921]
residualBlock_snn:[0.06177026 0.04719642 0.05710521 0.07264588 0.03529903 0.04394489
 0.03610637 0.03928405 0.06422654 0.03587262]
up1_snn:[0.04306936 0.0341537  0.03535414 0.04385571 0.02765148 0.0345168
 0.03864114 0.04454941 0.04653381 0.0462677 ]
up2_snn:[0.0580898  0.05203749 0.05759132 0.06217913 0.05404042 0.07145965
 0.05155269 0.05666384 0.05744744 0.05669875]
up3_snn:[0.00267771 0.00443908 0.01758648 0.03594957 0.03272041 0.04091356
 0.04016767 0.04087013 0.04887387 0.03487664]
mid_residualBlock:[0.05358001 0.01833658 0.02018282 0.09923733 0.02934836 0.04278525
 0.02900654 0.02905583 0.06461258 0.03299162]
total static_conv_snn:0.044532533808432764
total down1_snn:0.17688577470729008
total down2_snn:0.2082718853077483
total down3_snn:0.3565683304146469
total residualBlock_snn:0.49345127519995247
total up1_snn:0.3945932398044049
total up2_snn:0.5777605345820876
total up3_snn:0.2990751085746523
total mid_residualBlock:0.41913690159150124
val_running_mpjpe_avg10:5.9310802791456325
val_running_mpjpe:5.9165974538531145
val_mpjpe_list:[5.89546237 5.94492591 6.00495231 6.03628731 5.97243063 5.92162749
 5.88303144 5.85002134 5.88546653 5.91659745]
v_init_in:[ 6.49968042e-02 -1.25109481e+02  1.36107693e+02]
v_init_1:[  0.24915695 -68.5716677   61.65407096]
v_init_2:[  0.17144502 -48.56952801  39.10758379]
v_init_3:[  0.09459903 -33.68731115  32.86871308]
v_init_4:[-2.73301452e-02 -3.23688437e+01  3.58654384e+01]
v_init_5:[ -0.05399605 -36.9904264   38.14216806]
v_init_6:[-1.61258214e-02 -9.75179938e+01  6.23430486e+01]
v_init_7:[ 6.53025242e-02 -2.21074166e+02  1.17795767e+02]
v_init_8:[ 6.25414446e-02 -2.06274770e+02  3.36972253e+01]
