static_conv_snn:[0.02439275 0.00885599 0.00353805 0.00215322 0.00181861 0.00175158
 0.00175222 0.0017672  0.00178349 0.00179853 0.00181044 0.00181958
 0.00182696 0.00183342 0.00183522 0.00183828 0.00184032 0.00184262
 0.00184434 0.00185132]
down1_snn:[0.05269076 0.03668741 0.02356913 0.01717761 0.01354134 0.01163403
 0.01773653 0.00995178 0.00949783 0.00905621 0.00891319 0.00917292
 0.01722437 0.01023952 0.00989448 0.0164721  0.00944353 0.00938648
 0.00899898 0.01543324]
down2_snn:[0.04491211 0.02131209 0.02056852 0.02060705 0.02708697 0.02651423
 0.03172473 0.01525991 0.01696281 0.03134129 0.0331222  0.03161465
 0.03572971 0.017207   0.02524606 0.03851015 0.01503112 0.01895583
 0.02167639 0.02811076]
down3_snn:[0.0374284  0.02098825 0.02970542 0.02892879 0.01964709 0.02313308
 0.02993892 0.01280505 0.01367208 0.03684057 0.02404723 0.01628016
 0.02668842 0.01089998 0.01335761 0.0225932  0.01201274 0.0136376
 0.0198931  0.01866655]
residualBlock_snn:[0.06548358 0.0306623  0.04607061 0.02265152 0.01750731 0.01595867
 0.0142656  0.01161532 0.01361369 0.02437351 0.02248093 0.01256332
 0.01540896 0.01035758 0.01101667 0.02235051 0.01300618 0.01305835
 0.01703162 0.01789055]
up1_snn:[0.04637241 0.02456085 0.03723314 0.02158212 0.01531803 0.01447946
 0.01404178 0.0140403  0.01708758 0.02327379 0.02789201 0.01854711
 0.02498842 0.01885423 0.02275634 0.0329853  0.02201787 0.02563438
 0.03035763 0.0305288 ]
up2_snn:[0.04324666 0.0296993  0.04693797 0.03675464 0.03199904 0.02726383
 0.03031092 0.02152422 0.02130611 0.02569055 0.02300702 0.02371737
 0.02397251 0.01929924 0.02245544 0.02539011 0.01833441 0.01801622
 0.0221828  0.02210242]
up3_snn:[0.03433979 0.00797475 0.01136195 0.00530563 0.0050293  0.00482241
 0.0085382  0.0060193  0.00603936 0.0047395  0.00557366 0.00585328
 0.0049985  0.00401068 0.00352855 0.00442509 0.00418365 0.00473099
 0.00639433 0.00708982]
mid_residualBlock:[0.06206767 0.01827607 0.02413924 0.01063834 0.00730068 0.00788124
 0.01815531 0.01015766 0.01296394 0.03637121 0.03853811 0.01400215
 0.02262103 0.01184367 0.01292769 0.02971706 0.01600122 0.01616958
 0.0231563  0.02440915]
total static_conv_snn:0.06795416165379364
total down1_snn:0.316721458015941
total down2_snn:0.5214935885017169
total down3_snn:0.43116422052624476
total residualBlock_snn:0.41736675389882316
total up1_snn:0.4825515362475373
total up2_snn:0.5332107671739851
total up3_snn:0.14495872308047167
total mid_residualBlock:0.4173373501318679
val_running_mpjpe_avg10:5.174975157152296
val_running_mpjpe:5.276093316682189
val_mpjpe_list:[5.1024386  5.21486451 5.25142008 5.21275114 5.15170368 5.11542019
 5.11150928 5.13027291 5.18327786 5.27609332]
