static_conv:[0.00591345 0.00586979 0.00571428 0.00560924 0.0055485  0.00551268
 0.00549446 0.00547985 0.0054751  0.00547279 0.00547382 0.0054753
 0.00547602 0.00547799 0.00547762 0.00547858 0.00548102 0.00547801
 0.00547846 0.00547869 0.00548162 0.00548351 0.00548469 0.0054871
 0.00548653 0.00548733 0.00548973 0.00548671 0.00548754 0.00549925]
down1:[0.00813828 0.00955184 0.01007909 0.01030096 0.0103595  0.01039059
 0.01040919 0.01041116 0.01041035 0.01040864 0.01040958 0.01041351
 0.01041634 0.01042184 0.01042381 0.0104264  0.01043248 0.01043251
 0.01043094 0.01042839 0.01042944 0.01043216 0.01043555 0.01044109
 0.01044267 0.01044461 0.01045042 0.01045083 0.01044951 0.01045981]
down2:[0.00890451 0.01140014 0.01224822 0.01270339 0.01302859 0.01321984
 0.01331119 0.01334292 0.01334701 0.01334159 0.01334329 0.01334477
 0.01334341 0.01334747 0.01335053 0.01335217 0.01335692 0.01336346
 0.01336595 0.01336187 0.0133619  0.01336425 0.01336457 0.01337019
 0.013374   0.01337533 0.01337942 0.0133863  0.01338926 0.01339686]
down3:[0.01562453 0.02614368 0.0279481  0.0290166  0.03296859 0.03079502
 0.02844759 0.03397905 0.03124036 0.03127864 0.03131645 0.03378107
 0.02891747 0.03133135 0.03362424 0.03139441 0.03138608 0.03135929
 0.02928235 0.03558437 0.03136438 0.0294272  0.03141624 0.03333432
 0.0314396  0.03144578 0.03144485 0.03151762 0.03146883 0.03316666]
residualBlock:[0.15525799 0.13685764 0.17625578 0.17053809 0.15974664 0.16108296
 0.17504747 0.15077354 0.15394408 0.1645627  0.15977678 0.15620544
 0.16624987 0.16137082 0.15592678 0.15908685 0.1579072  0.15865945
 0.16645844 0.14755415 0.14983329 0.16752428 0.15845043 0.15234655
 0.15530776 0.15634209 0.15730814 0.16020806 0.15683185 0.15509077]
up1:[0.05330102 0.05232104 0.07443817 0.07551142 0.08548613 0.08212418
 0.0821015  0.08304111 0.08524396 0.08564339 0.0880327  0.09162121
 0.09066654 0.09140208 0.08990664 0.08825649 0.0892141  0.08889292
 0.08702787 0.09076442 0.08991375 0.08703205 0.0860962  0.08714311
 0.08640392 0.08813686 0.08811979 0.08790335 0.08931117 0.08931881]
up2:[0.03658159 0.09218945 0.11378491 0.14720071 0.12654886 0.11590411
 0.12378082 0.12550897 0.12667042 0.13216431 0.13351525 0.13914102
 0.12856839 0.13037677 0.13249136 0.12670754 0.13262157 0.13688762
 0.1332398  0.12801607 0.1238824  0.13065118 0.13266544 0.13689568
 0.13121435 0.13254114 0.13331008 0.12835947 0.12944534 0.13340953]
up3:[0.00327856 0.00930589 0.01464291 0.03916523 0.04761065 0.0437335
 0.04193282 0.03914497 0.0412875  0.0425608  0.04273084 0.04321987
 0.04287481 0.04282709 0.04345291 0.04332679 0.04390474 0.0436212
 0.04255769 0.04393155 0.04457889 0.04329558 0.04330385 0.04331422
 0.04463317 0.04426686 0.04422841 0.04349796 0.04427249 0.04437561]
mid_residualBlock:[0.00981451 0.09091601 0.04714603 0.05660104 0.06473321 0.05397536
 0.0533594  0.07272205 0.05435404 0.04935336 0.05485793 0.06926461
 0.05388985 0.05568624 0.06073211 0.05487271 0.05423796 0.05517101
 0.05332011 0.0810509  0.05324794 0.05029696 0.05634593 0.0668423
 0.05106306 0.05315796 0.05433133 0.05552745 0.05533898 0.05871984]
total static_conv:0.16573968036340372
total down1:0.30913148812897684
total down2:0.3921393458395609
total down3:0.921444725983064
total residualBlock:4.76250588252467
total up1:2.534375902534001
total up2:3.7742741515067335
total up3:1.1948773388288438
total mid_residualBlock:1.7009301835564292
val_running_mpjpe_avg10:10.593126603951708
val_running_mpjpe:6.394742324429057
val_mpjpe_list:[39.21959547 25.53474767 22.14910935 20.24076663 17.64263082 14.1742866
 11.74035937 10.48165559  9.48790984  8.84758562  8.38499097  7.99383466
  7.64490268  7.45237584  7.24933875  7.10052377  6.97984767  6.89080662
  6.79196136  6.75253232  6.67029131  6.62641788  6.56759628  6.52613918
  6.50375804  6.46894203  6.44545973  6.41967032  6.41101941  6.39474232]
