static_conv:[0.00198314 0.00195588 0.00186185 0.00178979 0.00174872 0.00172525
 0.00171528 0.001707   0.00170362 0.00170662]
down1:[0.01137589 0.01324805 0.01388406 0.01410752 0.01411922 0.01409672
 0.01408743 0.01407478 0.01406611 0.01407956]
down2:[0.0083569  0.01107842 0.01219206 0.01289114 0.01334023 0.01352665
 0.01359289 0.01360155 0.01359916 0.01361031]
down3:[0.01083359 0.01763094 0.01937832 0.02057302 0.02160819 0.0248717
 0.02217738 0.02220848 0.02220608 0.02224364]
residualBlock:[0.02761984 0.04053231 0.041325   0.04337499 0.04581808 0.0687507
 0.05165398 0.05033933 0.04973399 0.04955985]
up1:[0.03012377 0.0465766  0.0541219  0.05454815 0.05709431 0.07284136
 0.06218679 0.06169825 0.06078818 0.06096426]
up2:[0.02574935 0.07235365 0.0812221  0.09101689 0.09383783 0.16096619
 0.10606439 0.0981249  0.09722379 0.09841952]
up3:[0.0012295  0.0025082  0.00295012 0.00369169 0.00529705 0.0100664
 0.00867477 0.00912932 0.00982161 0.010768  ]
mid_residualBlock:[0.01915394 0.03216486 0.03083216 0.03238973 0.03410424 0.04203505
 0.03636026 0.03590917 0.03568389 0.03567017]
total static_conv:0.017897150826992638
total down1:0.13713933435098188
total down2:0.12578930143322412
total down3:0.20373134026442624
total residualBlock:0.46870805711943275
total up1:0.5609435657650619
total up2:0.9249786087837659
total up3:0.06413666258804618
total mid_residualBlock:0.334303453528841
val_running_mpjpe_avg10:16.430932256308523
val_running_mpjpe:9.80898109728706
val_mpjpe_list:[38.73337764 24.81840765 18.35099915 15.07266592 13.3075388  12.13983863
 11.22621023 10.65870277 10.19260069  9.8089811 ]
