static_conv:[0.00589654 0.00585386 0.00569868 0.00559392 0.00553369 0.00549747
 0.00547951 0.00546494 0.00546019 0.00545775 0.00545917 0.00546025
 0.00546146 0.00546374 0.00546303 0.00546387 0.00546641 0.00546325
 0.00546426 0.00547601]
down1:[0.00811869 0.009531   0.0100575  0.01027916 0.01033779 0.01036852
 0.01038735 0.01038916 0.01038813 0.01038624 0.01038748 0.01039055
 0.01039418 0.01040015 0.01040188 0.01040371 0.01041005 0.01041048
 0.01040928 0.01041983]
down2:[0.00888551 0.01137826 0.01222566 0.01268057 0.01300571 0.01319698
 0.01328865 0.01332036 0.01332455 0.01331878 0.01332033 0.01332125
 0.01331947 0.01332459 0.01332735 0.01332815 0.01333297 0.01333982
 0.01334285 0.01335061]
down3:[0.0156034  0.02611612 0.02791968 0.02898759 0.03294051 0.03076662
 0.02841707 0.03395225 0.03121162 0.03125033 0.0312885  0.03375334
 0.0288858  0.03130359 0.03359555 0.0313635  0.03135468 0.03132919
 0.02925094 0.03557848]
residualBlock:[0.15526146 0.13686109 0.1762894  0.17056252 0.15976436 0.16110768
 0.17507265 0.15079568 0.15396096 0.16457957 0.15979679 0.15622287
 0.16627772 0.16139221 0.15595064 0.15910887 0.15793157 0.15867395
 0.16648002 0.14757088]
up1:[0.05329782 0.05229795 0.07443193 0.07550327 0.0854797  0.08211162
 0.0820861  0.08302828 0.08523141 0.0856243  0.08802511 0.09160861
 0.09067001 0.09139975 0.08991051 0.0882533  0.08920359 0.08889311
 0.0870221  0.09077218]
up2:[0.03658569 0.09218607 0.11376714 0.14724124 0.12654196 0.11590067
 0.12378286 0.12550203 0.12666403 0.13216801 0.13351896 0.13914768
 0.12857158 0.13036879 0.13248824 0.12671205 0.13263839 0.13688633
 0.13324572 0.12800705]
up3:[0.00327552 0.00929828 0.01463788 0.03920434 0.04759602 0.04371661
 0.04192565 0.03913354 0.04127278 0.04254802 0.04271389 0.04320292
 0.04286336 0.04280471 0.04344716 0.04331745 0.04388062 0.04360866
 0.04254304 0.04391458]
mid_residualBlock:[0.00980098 0.09092608 0.04714083 0.05659827 0.06474134 0.05397802
 0.05336471 0.07273078 0.05435492 0.04935395 0.05485694 0.06927336
 0.05389011 0.05568972 0.06073908 0.05487435 0.05423594 0.05517806
 0.05332197 0.08105706]
total static_conv:0.11057799925925171
total down1:0.20427113303531433
total down2:0.25793244628381246
total down3:0.6048687612014148
total residualBlock:3.1936608918587526
total up1:1.6548506750830363
total up2:2.461924512678544
total up3:0.754905035748115
total mid_residualBlock:1.1461064864812498
val_running_mpjpe_avg10:12.654511168952984
val_running_mpjpe:6.764932409398238
val_mpjpe_list:[39.25241749 25.56891131 22.18399034 20.27228184 17.67057066 14.1942645
 11.76014858 10.49899312  9.51523163  8.87998171  8.38714296  8.01238841
  7.65527013  7.42249156  7.26144505  7.11425848  6.98793607  6.88959559
  6.79797155  6.76493241]
