static_conv:[0.00199451 0.00196623 0.00187155 0.00179882 0.00175742 0.00173398
 0.00172388 0.0017155  0.0017121  0.00171053 0.00171046 0.00171082
 0.00171116 0.00171162 0.00171143 0.00171201 0.00171314 0.00171177
 0.00171159 0.00171173 0.00171273 0.0017134  0.00171406 0.00171472
 0.00171448 0.00171496 0.00171604 0.00171467 0.0017147  0.00171925]
down1:[0.01143667 0.01331358 0.01395166 0.01417489 0.01418599 0.0141639
 0.0141544  0.01414108 0.01413274 0.01412828 0.01412836 0.01413354
 0.0141373  0.0141433  0.01414551 0.01414926 0.01415711 0.01415703
 0.01415455 0.01415192 0.01415384 0.01415788 0.01416249 0.01416896
 0.01417078 0.0141736  0.01418115 0.01418138 0.0141794  0.01419441]
down2:[0.0083926  0.01112085 0.01223781 0.0129381  0.01338765 0.01357456
 0.01364057 0.01364865 0.01364737 0.01364206 0.01363777 0.01363647
 0.01363179 0.01363825 0.01364088 0.01364535 0.01365349 0.01365899
 0.01365953 0.01365595 0.01365475 0.01365516 0.01365297 0.0136611
 0.01366483 0.01366828 0.01367617 0.01368284 0.01368281 0.01369491]
down3:[0.01087321 0.01768687 0.01943788 0.02063435 0.02166827 0.0249309
 0.02223941 0.02226951 0.0222695  0.02227596 0.02227115 0.02472677
 0.02225726 0.02226587 0.02228002 0.02230232 0.02232582 0.02451994
 0.02234844 0.02235001 0.0223536  0.02235599 0.02236404 0.02431091
 0.02239409 0.02240653 0.02242217 0.02243813 0.02244785 0.02419425]
residualBlock:[0.02768693 0.04060785 0.04140093 0.04344931 0.04588208 0.06879958
 0.05172516 0.05041295 0.04981078 0.0495476  0.04947924 0.06874479
 0.0540151  0.05215959 0.05135224 0.0509731  0.05079814 0.06736097
 0.05472809 0.05294656 0.05212034 0.05167684 0.05143072 0.06577772
 0.05488482 0.05329212 0.05256342 0.05215275 0.05191282 0.06442208]
up1:[0.03019364 0.0466626  0.05419347 0.05462959 0.05716886 0.07289654
 0.06225319 0.06176769 0.06087324 0.06098365 0.06169725 0.07354481
 0.06318263 0.0630937  0.06315802 0.06275131 0.06265744 0.07323468
 0.06384774 0.06393226 0.06380622 0.06342568 0.06331233 0.0725003
 0.06413992 0.0642233  0.06419263 0.06381594 0.06366296 0.07182764]
up2:[0.02580723 0.07243671 0.08131968 0.09110714 0.09392152 0.16087076
 0.106079   0.09820035 0.09732483 0.09846793 0.10241971 0.14726356
 0.10134927 0.10001033 0.10278516 0.10220407 0.10263799 0.14445565
 0.10144527 0.10174536 0.10391238 0.10361385 0.1040213  0.1414895
 0.10195248 0.10250933 0.10483218 0.10443043 0.10465728 0.13878667]
up3:[0.00123372 0.00251273 0.00295211 0.00369222 0.00530164 0.01007303
 0.00868295 0.00913368 0.00983016 0.01075976 0.01210676 0.0120398
 0.00919979 0.00955757 0.01028584 0.01095185 0.01203381 0.01229402
 0.00973369 0.0101581  0.01079048 0.0112014  0.01213329 0.01233202
 0.01000888 0.01040744 0.01094841 0.0112998  0.01207566 0.01234224]
mid_residualBlock:[0.01921218 0.03224165 0.03090443 0.03246197 0.0341716  0.0421004
 0.03643131 0.03597724 0.03575532 0.03567959 0.03561641 0.04190049
 0.03692335 0.03633902 0.03610457 0.03600809 0.03597613 0.04143592
 0.03714059 0.03658309 0.03634405 0.0362181  0.03615313 0.04092938
 0.03719773 0.03670632 0.0365176  0.03641726 0.0363559  0.04056986]
total static_conv:0.05224928144328262
total down1:0.42096497183103504
total down2:0.3993825061486857
total down3:0.6596210195109234
total residualBlock:1.5721146276657387
total up1:1.8676292453565704
total up2:3.1420569348993324
total up3:0.28607283838958786
total mid_residualBlock:1.0823726959506201
val_running_mpjpe_avg10:11.098237566481206
val_running_mpjpe:8.137861556615471
val_mpjpe_list:[38.63520305 24.71858671 18.30399325 15.0053174  13.25854479 12.10310891
 11.17659042 10.60235092 10.12351106  9.75471348  9.42846062  9.15785624
  8.87765977  8.75335079  8.66289325  8.56827464  8.51294227  8.42841536
  8.34629116  8.3147717   8.31620075  8.28685319  8.29816349  8.28145128
  8.20932362  8.20530341  8.17723467  8.15590974  8.14598949  8.13786156]
