static_conv_snn:[0.02336802 0.00777907 0.00456289 0.00393378 0.00416463 0.02807722
 0.00492018 0.00466195 0.00440544 0.00421719]
down1_snn:[0.07139786 0.03675574 0.05732745 0.04558648 0.05093892 0.05213182
 0.01621165 0.0159914  0.0154552  0.06439489]
down2_snn:[0.06113863 0.0445673  0.0894312  0.13499987 0.06393901 0.10542016
 0.03746838 0.05559802 0.05010446 0.16642965]
down3_snn:[0.07811482 0.05368098 0.03353937 0.04982876 0.04758817 0.04669666
 0.03341196 0.03482626 0.02892322 0.04804848]
residualBlock_snn:[0.08794238 0.07258421 0.07141699 0.08692753 0.08658809 0.07316461
 0.06886006 0.07205054 0.06647241 0.08706726]
up1_snn:[0.04554307 0.06035753 0.06450235 0.07460549 0.08080772 0.06994825
 0.06612204 0.06722807 0.06652166 0.08178532]
up2_snn:[0.04436666 0.04973901 0.06697897 0.0748728  0.05748255 0.04293529
 0.03685699 0.04166518 0.04434968 0.05342136]
up3_snn:[0.00787227 0.0186872  0.04227072 0.0203589  0.02420263 0.02126956
 0.02758805 0.03768304 0.0452444  0.06096558]
mid_residualBlock:[0.08858041 0.03688221 0.02862684 0.04602168 0.06053468 0.05362141
 0.04688046 0.04347885 0.03909235 0.05851533]
total static_conv_snn:0.09009036645340361
total down1_snn:0.42619140475404027
total down2_snn:0.809096695395077
total down3_snn:0.45465868371412166
total residualBlock_snn:0.7730740696172937
total up1_snn:0.67742151312252
total up2_snn:0.5126684861119829
total up3_snn:0.3061423513574136
total mid_residualBlock:0.5022342087120139
val_running_mpjpe_avg10:4.972355899774007
val_running_mpjpe:5.098721331532197
val_mpjpe_list:[4.82870833 4.88269076 4.96948507 5.05115678 5.03071034 4.98318214
 4.94123742 4.94343562 4.99423122 5.09872133]
ablation_mpjpe_list:[4.73680406 4.85949938 5.01783954 5.19875879 5.39451882 5.59979851
 5.81017615 6.02164049 6.23675615 6.44970663]
