static_conv_snn:[0.03342074 0.01140722 0.00465935 0.00263742 0.00202256 0.00195719
 0.00180259 0.00181098 0.00184245 0.00187388 0.00191391 0.00195348
 0.0021269  0.00210078 0.00223556 0.00278948 0.00262491 0.02558704
 0.00265629 0.00222522]
down1_snn:[0.03662696 0.02409105 0.01689515 0.01260801 0.01015147 0.00962267
 0.014927   0.00841404 0.0082352  0.00848566 0.00866136 0.0162298
 0.01061534 0.01064642 0.01161955 0.0215454  0.02392634 0.15446886
 0.04696018 0.02874204]
down2_snn:[0.04631004 0.02151789 0.01493389 0.01132048 0.01093971 0.01824877
 0.01282741 0.01453991 0.02385472 0.0155514  0.02355146 0.04453642
 0.01672596 0.01553196 0.02366994 0.03236431 0.02773291 0.01032382
 0.02498965 0.02025627]
down3_snn:[0.04132186 0.0208024  0.01672634 0.01333381 0.01257177 0.0164314
 0.01258932 0.01556991 0.03131247 0.01466627 0.02428714 0.0307028
 0.01277108 0.01189835 0.01878668 0.02675061 0.02096878 0.00958001
 0.03176014 0.04001041]
residualBlock_snn:[0.06195169 0.02785866 0.02313838 0.02172831 0.0219375  0.02031998
 0.01716101 0.01713422 0.0182126  0.01405653 0.01590664 0.01738053
 0.01261136 0.01307403 0.01728578 0.01661616 0.0172059  0.01403068
 0.02985642 0.05075404]
up1_snn:[0.04681078 0.02518535 0.02229189 0.02116657 0.02096325 0.02034026
 0.01747114 0.01717064 0.02006176 0.0164102  0.02152518 0.02501635
 0.01641131 0.01730738 0.02370231 0.01905926 0.01881356 0.01642335
 0.02480659 0.03795877]
up2_snn:[0.04863556 0.03205154 0.03426791 0.03939115 0.04501191 0.04203762
 0.03409525 0.03065537 0.02742181 0.02196316 0.02230591 0.03495671
 0.02065799 0.02024009 0.02282393 0.02034869 0.02192914 0.02034981
 0.03213609 0.05994052]
up3_snn:[0.03103691 0.00826429 0.00809517 0.00711891 0.00718023 0.00756681
 0.00674654 0.00685928 0.00673717 0.00457236 0.00363592 0.00629502
 0.00325106 0.00304328 0.00428559 0.003678   0.00498561 0.00240875
 0.00258842 0.01363546]
mid_residualBlock:[0.06395422 0.01827528 0.01265705 0.01064553 0.00931727 0.01205543
 0.01057572 0.01198544 0.01826831 0.01239425 0.0154254  0.02289604
 0.01255099 0.01223113 0.01850083 0.02132229 0.02154113 0.01172045
 0.0463219  0.08146891]
total static_conv_snn:0.1096479416529499
total down1_snn:0.4834725068512796
total down2_snn:0.42972694005957707
total down3_snn:0.42284155043383104
total residualBlock_snn:0.44822042960156394
total up1_snn:0.4488958813374036
total up2_snn:0.6312201823483242
total up3_snn:0.14198477830272702
total mid_residualBlock:0.44410759240112535
val_running_mpjpe_avg10:5.172608485186359
val_running_mpjpe:5.16161805845876
val_mpjpe_list:[5.21953922 5.29186821 5.35641951 5.27425719 5.15395536 5.08812567
 5.04969312 5.0528302  5.07777831 5.16161806]
ablation_mpjpe_list:[5.07691781 5.18712101 5.33434984 5.50652973 5.69624012 5.89592509
 6.10114476 6.31012702 6.5220605  6.7335798 ]
