static_conv_snn:[0.0269484  0.00842021 0.0035614  0.00251172 0.00229325 0.0022627
 0.0022634  0.00226593 0.00227192 0.00228109]
down1_snn:[0.03239217 0.01795815 0.01176229 0.00936519 0.00846321 0.00813749
 0.00803184 0.0080438  0.00811495 0.00818366]
down2_snn:[0.03757745 0.01734995 0.01346833 0.01146728 0.01087126 0.01417473
 0.01322846 0.00936485 0.01339882 0.01420747]
down3_snn:[0.03775533 0.0207709  0.02205222 0.02391134 0.0251634  0.05473849
 0.02533039 0.01661649 0.04435957 0.02389001]
residualBlock_snn:[0.05189397 0.0392858  0.04183268 0.04509622 0.04435771 0.0556347
 0.0355553  0.03253745 0.04106395 0.03043203]
up1_snn:[0.03821022 0.0302682  0.02673495 0.02836777 0.02944844 0.03615066
 0.03103607 0.03410286 0.04814464 0.03201457]
up2_snn:[0.0440197  0.03688187 0.04407145 0.04970907 0.05027686 0.06213768
 0.05090713 0.05573073 0.06264568 0.04778865]
up3_snn:[0.0535462  0.00593235 0.00864206 0.0126967  0.01900042 0.02755487
 0.0220957  0.02252113 0.01163547 0.01277599]
mid_residualBlock:[0.04788766 0.01811023 0.0189505  0.02581034 0.0363277  0.06732068
 0.02999748 0.02396116 0.0465343  0.03112938]
total static_conv_snn:0.05508002952625105
total down1_snn:0.12045274170868644
total down2_snn:0.15510861191954892
total down3_snn:0.294588139501412
total residualBlock_snn:0.4176898035935884
total up1_snn:0.3344783821721309
total up2_snn:0.5041688210201373
total up3_snn:0.19640089816579548
total mid_residualBlock:0.3460294217662407
val_running_mpjpe_avg10:5.189013843433627
val_running_mpjpe:5.16797783286522
val_mpjpe_list:[5.15675148 5.19136022 5.25637062 5.28017713 5.22805049 5.19111861
 5.15262202 5.13566677 5.13004327 5.16797783]
ablation_mpjpe_list:[5.07691781 5.18712101 5.33434984 5.50652973 5.69624012 5.89592509
 6.10114476 6.31012702 6.5220605  6.7335798 ]
