static_conv_snn:[0.03213471 0.03811425 0.06313905 0.08417724 0.03773736 0.06187787
 0.0625823  0.06130259 0.03819107 0.08629957]
down1_snn:[0.1004568  0.07262134 0.06546696 0.02682251 0.0287033  0.05238386
 0.05310547 0.02820386 0.04775962 0.05563043]
down2_snn:[0.07327674 0.05654661 0.04946984 0.02914787 0.0208724  0.04582178
 0.04192013 0.03838357 0.04119233 0.06120994]
down3_snn:[0.09345106 0.0543969  0.05204436 0.04699473 0.05124241 0.06326429
 0.05506776 0.0662868  0.07080058 0.06348115]
residualBlock_snn:[0.11538879 0.09346588 0.08084391 0.0881011  0.08814805 0.07502777
 0.06331076 0.05702526 0.06060805 0.04621869]
up1_snn:[0.10584416 0.08180435 0.07347021 0.06937022 0.06669406 0.06080104
 0.06027892 0.0653512  0.07355789 0.0550937 ]
up2_snn:[0.11530253 0.09209984 0.08188699 0.08266418 0.10593116 0.10860304
 0.10045103 0.0883433  0.09013322 0.07340594]
up3_snn:[0.03139766 0.0689894  0.16691011 0.2085724  0.17507435 0.16018784
 0.1585848  0.16385438 0.1767042  0.12406642]
mid_residualBlock:[0.09451293 0.04383691 0.0334257  0.03854486 0.05099916 0.08709565
 0.07401504 0.05889017 0.05647302 0.04747465]
total static_conv_snn:0.5655560107814392
total down1_snn:0.5311541310202192
total down2_snn:0.457841206517529
total down3_snn:0.6170300370202682
total residualBlock_snn:0.7681382715997317
total up1_snn:0.7122657384742825
total up2_snn:0.9388212244922197
total up3_snn:1.4343415643637991
total mid_residualBlock:0.5852680741703437
val_running_mpjpe_avg10:5.490614855172002
val_running_mpjpe:5.295092484356529
val_mpjpe_list:[5.6622742  5.76188281 5.62506444 5.56305018 5.53598944 5.47479571
 5.39801166 5.32154496 5.26844267 5.29509248]
ablation_mpjpe_list:[5.07691781 5.18712101 5.33434984 5.50652973 5.69624012 5.89592509
 6.10114476 6.31012702 6.5220605  6.7335798 ]
