static_conv_snn:[0.03211824 0.01008317 0.0052221  0.02888577 0.00709249 0.05371941
 0.0305458  0.03197347 0.0068171  0.00589038]
down1_snn:[0.06588035 0.06130434 0.07655693 0.03784745 0.01679018 0.04117276
 0.08110008 0.01853979 0.01330175 0.0136701 ]
down2_snn:[0.04404141 0.0473775  0.08851861 0.03167737 0.01576237 0.09055988
 0.04847417 0.014086   0.01322795 0.01525555]
down3_snn:[0.06858077 0.04723138 0.0517925  0.0389198  0.02915774 0.0694948
 0.06400593 0.02554905 0.03321949 0.04036787]
residualBlock_snn:[0.09451586 0.07869707 0.07180578 0.05897071 0.05706082 0.0797181
 0.04334798 0.03892095 0.05807357 0.05524537]
up1_snn:[0.07124249 0.05750541 0.06994118 0.05517928 0.04619782 0.05766267
 0.05294552 0.04145868 0.05073535 0.05279326]
up2_snn:[0.09816754 0.0747869  0.04956228 0.04417748 0.045988   0.04356057
 0.03567596 0.03129103 0.04363047 0.04669887]
up3_snn:[0.00346864 0.00826581 0.02628099 0.05313448 0.07573531 0.12474181
 0.10278551 0.13959797 0.15888459 0.12499429]
mid_residualBlock:[0.08100912 0.03944336 0.04380558 0.03707799 0.02959613 0.08451746
 0.05436164 0.02892701 0.03813763 0.04784216]
total static_conv_snn:0.21234793975243313
total down1_snn:0.4261637364199394
total down2_snn:0.40898079183494424
total down3_snn:0.4683193216235426
total residualBlock_snn:0.6363561947131027
total up1_snn:0.5556616654741889
total up2_snn:0.5135390968376052
total up3_snn:0.8178893920655446
total mid_residualBlock:0.48471808618259415
val_running_mpjpe_avg10:5.464952990956169
val_running_mpjpe:5.548588405958675
val_mpjpe_list:[5.73285141 5.60158339 5.40656344 5.36210251 5.37948052 5.39731583
 5.38588711 5.4158566  5.4193007  5.54858841]
ablation_mpjpe_list:[5.07691781 5.18712101 5.33434984 5.50652973 5.69624012 5.89592509
 6.10114476 6.31012702 6.5220605  6.7335798 ]
