static_conv:[0.00115072 0.00118138 0.00113583 0.00110199 0.00108136 0.00107032
 0.00106485 0.00106294 0.00106213 0.0010638 ]
down1:[0.00969262 0.01150734 0.01190858 0.01192482 0.01185381 0.01180102
 0.01177532 0.01176614 0.01176641 0.0117809 ]
down2:[0.00785234 0.0110041  0.01209917 0.01261198 0.01277578 0.01941154
 0.01282709 0.01284963 0.01285937 0.01288572]
down3:[0.00738788 0.01368653 0.01532935 0.01624182 0.01925808 0.02324579
 0.01636563 0.01650202 0.01661337 0.01898976]
residualBlock:[0.00922025 0.02650261 0.03670429 0.03681529 0.04675156 0.06977841
 0.03766235 0.04089269 0.03828716 0.04648172]
up1:[0.00892489 0.04605657 0.06084856 0.05887368 0.076055   0.10828383
 0.06005467 0.06432849 0.06328818 0.07501337]
up2:[0.00685687 0.05098672 0.07257135 0.07491678 0.10529531 0.10493865
 0.07688876 0.08217733 0.08172246 0.10012828]
up3:[0.00011865 0.00065141 0.0009714  0.00110703 0.00119946 0.0012711
 0.00125613 0.001284   0.00123762 0.00126548]
mid_residualBlock:[0.01228339 0.02809511 0.03509015 0.0347431  0.03808457 0.04547755
 0.03520507 0.03701473 0.03568369 0.03807201]
total static_conv:0.010975332788264288
total down1:0.11577695817573341
total down2:0.12717670655134555
total down3:0.1636202358126934
total residualBlock:0.38909633115674147
total up1:0.6217272498599187
total up2:0.7564825030144746
total up3:0.010362274131658048
total mid_residualBlock:0.33974937593853144
val_running_mpjpe_avg10:19.171798931777133
val_running_mpjpe:11.720493427524891
val_mpjpe_list:[50.6597825  29.1404852  19.88399835 15.83668616 13.99920984 13.82033788
 12.99798389 11.98404442 11.67496765 11.72049343]
