static_conv_snn:[0.00102419 0.00106923 0.00102697 0.00099311 0.00096969 0.00095746
 0.00095157 0.00094314 0.00093884 0.00093719]
down1_snn:[0.00788838 0.01008255 0.0106936  0.01080631 0.01074541 0.01068547
 0.01063571 0.01057855 0.01053912 0.01051298]
down2_snn:[0.00398163 0.00792968 0.00917991 0.00984017 0.01011394 0.01026454
 0.0103003  0.01035453 0.01034401 0.01032956]
down3_snn:[0.00209557 0.01063614 0.01375192 0.01830298 0.01877891 0.01609593
 0.01624817 0.02186149 0.02174487 0.01642317]
residualBlock_snn:[1.91978892e-05 9.94575437e-03 2.84240509e-02 3.39358632e-02
 3.93335517e-02 3.23564905e-02 3.15194071e-02 6.93662461e-02
 3.78404332e-02 3.05054708e-02]
up1_snn:[1.30525466e-05 1.20394111e-02 3.44183264e-02 2.90447015e-02
 4.08225867e-02 3.78151629e-02 3.72535494e-02 5.58366822e-02
 4.39308159e-02 3.33746699e-02]
up2_snn:[7.25012033e-05 5.57203688e-03 4.96937784e-02 4.02378812e-02
 5.13431739e-02 5.47371875e-02 5.26729254e-02 1.23413478e-01
 6.87567097e-02 4.88844524e-02]
up3_snn:[8.75067199e-05 1.17869079e-03 1.71220589e-03 2.50225105e-03
 5.34571059e-03 9.98674403e-03 1.42198247e-02 1.62174165e-02
 1.38481226e-02 1.09535924e-02]
mid_residualBlock:[0.00018804 0.00948701 0.01948581 0.03144282 0.03097528 0.02732317
 0.02593928 0.04260862 0.03037663 0.02613558]
total static_conv_snn:0.009811392115710818
total down1_snn:0.10316806494864124
total down2_snn:0.09263827575747552
total down3_snn:0.15593913923932443
total residualBlock_snn:0.3132464658285844
total up1_snn:0.32454895842988385
total up2_snn:0.49538412503543267
total up3_snn:0.07605206527295688
total mid_residualBlock:0.24396223969219086
val_running_mpjpe_avg10:5.847161850143521
val_running_mpjpe:7.2022348640445415
val_mpjpe_list:[5.09639431 5.31262932 5.36762717 5.47672091 5.56620267 5.65820695
 5.88289619 6.21496164 6.69374447 7.20223486]
ablation_mpjpe_list:[5.07691781 5.18712101 5.33434984 5.50652973 5.69624012 5.89592509
 6.10114476 6.31012702 6.5220605  6.7335798 ]
