static_conv_snn:[0.11427981 0.03058342 0.01388348 0.00807495 0.00568258 0.00507389
 0.00474704 0.00494513 0.00534851 0.00640632 0.00801557 0.01059473
 0.01166321 0.00900818 0.00861255 0.01115085 0.013614   0.01985623
 0.01667264 0.01119613]
down1_snn:[0.13543714 0.05124645 0.03252851 0.02461984 0.02054335 0.01936685
 0.01983747 0.0208916  0.0219979  0.02379383 0.02515012 0.02896865
 0.02250971 0.01772342 0.0170198  0.02237891 0.02495343 0.03868854
 0.03009983 0.01721578]
down2_snn:[0.07316192 0.02833992 0.01913765 0.01827873 0.01871841 0.02221254
 0.02418383 0.02260243 0.0210991  0.02177314 0.01993388 0.01714564
 0.01896163 0.01586573 0.01713085 0.01918911 0.02102795 0.02858697
 0.02430551 0.01480698]
down3_snn:[0.06867229 0.02842168 0.01905683 0.01890145 0.02113417 0.02440852
 0.0267366  0.02489691 0.02300947 0.02435811 0.02470969 0.02191469
 0.02146379 0.02151495 0.02255424 0.0243224  0.02205662 0.0261402
 0.02515833 0.01565876]
residualBlock_snn:[0.08179124 0.02830424 0.01881775 0.020589   0.02449912 0.02625692
 0.02568314 0.02373364 0.02281242 0.02452806 0.02638391 0.02635663
 0.027981   0.02913177 0.02910653 0.02954767 0.02526147 0.02644539
 0.02491016 0.02067411]
up1_snn:[0.04094471 0.02290356 0.01799538 0.02153914 0.02687613 0.02854744
 0.02799127 0.02536291 0.02402494 0.02466926 0.02512002 0.0238154
 0.02393291 0.02455295 0.02616957 0.02870281 0.02676603 0.03020693
 0.03122676 0.02873023]
up2_snn:[0.05817555 0.02948595 0.02849885 0.03850641 0.04751575 0.0482142
 0.04718037 0.04416473 0.04473633 0.04637907 0.04543434 0.04227503
 0.04146536 0.04107209 0.04175086 0.04126095 0.03917074 0.03938064
 0.03704575 0.03619949]
up3_snn:[0.00388506 0.00533763 0.00944787 0.0282953  0.04958389 0.0530087
 0.05059015 0.04577917 0.03871785 0.03270377 0.0288707  0.02568477
 0.02358543 0.0239691  0.02498606 0.02663612 0.0274597  0.02658997
 0.02583018 0.02766082]
mid_residualBlock:[0.10534804 0.02625498 0.01472577 0.01468903 0.01848127 0.02219603
 0.02430896 0.02308925 0.02100776 0.02138153 0.02097177 0.02053357
 0.02184075 0.02417647 0.02681045 0.0305641  0.02700303 0.03130229
 0.0298437  0.0206495 ]
total static_conv_snn:0.31940921233282993
total down1_snn:0.6149711501640586
total down2_snn:0.466461906297992
total down3_snn:0.5050896902433396
total residualBlock_snn:0.562814163570562
total up1_snn:0.5300783525250732
total up2_snn:0.8379124619040322
total up3_snn:0.5786222289134924
total mid_residualBlock:0.5451782276104022
val_running_mpjpe_avg10:4.657008518041742
val_running_mpjpe:4.832034049947101
val_mpjpe_list:[4.20650873 4.36814964 4.7091824  4.85238812 4.86673104 4.76407523
 4.65296162 4.63200748 4.68604688 4.83203405]
